1.93E-017	3.50096208634353E-018	0
9.64E-018	2.34137927354638E-019	30
8.24E-018	1.03548354262008E-019	60
5.85E-018	6.72458983741622E-020	90
7.95E-018	9.72091971147982E-020	120
9.33E-018	1.67294955625619E-019	150


3.16E-018	1.12526803736973E-019	0
2.80E-018	4.32525700371064E-021	30
2.29E-018	1.10914508285202E-020	60
1.92E-018	1.57898040238348E-020	90
2.26E-018	8.6878612634718E-021	120
2.75E-018	1.22466513941718E-020	150


2.29E-018	1.03566046202037E-022	0
2.63E-018	9.5498906334634E-021	30
2.13E-018	1.20939458377291E-020	60
1.69E-018	1.85493289286622E-020	90
2.11E-018	4.34423287350702E-021	120
2.58E-018	7.72242933375342E-021	150


3.90E-018	9.24361641590506E-023	0
1.06E-017	2.44927275676618E-020	30
1.44E-017	7.96750344280483E-021	60
1.54E-017	3.78967212497527E-020	90
1.44E-017	8.26190073189605E-020	120
1.10E-017	5.75920358434447E-020	150
